				(290,024)	(1,000,000)
vector:			3.632		12.5231
map:			0.001281	0.00141
unordered_map:	0.000304    0.000304
hash:			0.001082    0.001082

All times in ms
